# Bolometer r theta residual^2
       0      1.06454     -62.4793   0.00650029
       1      2.08961     -60.1612    0.0144458
       2      1.78425     -30.0862    0.0121529
       3      0.00000      0.00000      0.00000
       4      0.00000      0.00000      0.00000
       5      2.64571     -19.9918    0.0213607
       6      4.02490     -59.0501    0.0581774
       7      3.62065     -46.0514    0.0468603
       8      0.00000      0.00000      0.00000
       9      3.59507     -13.6758    0.0398126
      10      0.00000      0.00000      0.00000
      11      4.61094     -47.9723    0.0891621
      12      4.38829     -35.8497    0.0445689
      13      4.33486     -22.4037    0.0271531
      14      4.59104     -9.75329    0.0560472
      15      6.07704     -57.7170     0.162653
      16      5.47043     -49.5350     0.102043
      17      5.34845     -40.3566    0.0805108
      18      5.27729     -28.8859    0.0406337
      19      5.27231     -17.7894    0.0485054
      20      5.55625     -7.50044    0.0596895
      21      0.00000      0.00000      0.00000
      22      6.05386     -23.8552    0.0708142
      23      0.00000      0.00000      0.00000
      24      1.08858     -119.583    0.0111694
      25      2.07498     -120.987    0.0213532
      26      1.81740     -90.5833    0.0159741
      27      0.00000      0.00000      0.00000
      28      2.62735     -101.914    0.0215179
      29      2.68967     -78.7282    0.0430936
      30      3.89085     -119.239    0.0582797
      31      3.63898     -106.006    0.0443374
      32      3.46519     -89.9640    0.0646399
      33      3.63148     -71.7587    0.0527501
      34      4.91254     -119.121    0.0800863
      35      0.00000      0.00000      0.00000
      36      4.31519     -96.5027    0.0682021
      37      4.35261     -82.8231     0.120471
      38      4.59362     -67.5047    0.0972567
      39      5.97724     -118.487     0.140871
      40      5.53052     -109.654     0.148197
      41      5.23440     -99.7871     0.143262
      42      5.16601     -88.8484     0.149137
      43      5.24143     -76.8736     0.216751
      44      5.61274     -65.0944     0.237512
      45      0.00000      0.00000      0.00000
      46      6.06768     -83.4695     0.344526
      47      6.20872     -72.3281     0.428925
      48      1.10793     -177.622    0.0139524
      49      2.11408     -178.955    0.0299410
      50      1.85409     -149.268    0.0224780
      51      3.08427     -178.993    0.0538214
      52      2.74975     -160.752    0.0331686
      53      0.00000      0.00000      0.00000
      54      0.00000      0.00000      0.00000
      55      3.63465     -165.643    0.0451748
      56      0.00000      0.00000      0.00000
      57      3.63309     -133.388    0.0465118
      58      0.00000      0.00000      0.00000
      59      0.00000      0.00000      0.00000
      60      0.00000      0.00000      0.00000
      61      4.35938     -142.810    0.0856850
      62      4.61370     -129.981    0.0888901
      63      0.00000      0.00000      0.00000
      64      5.57470     -170.741     0.132917
      65      5.29912     -160.314     0.128334
      66      5.21484     -149.375     0.109976
      67      5.34027     -137.880     0.140482
      68      0.00000      0.00000      0.00000
      69      0.00000      0.00000      0.00000
      70      6.12795     -144.096     0.165002
      71      0.00000      0.00000      0.00000
      72      1.02370     -233.091    0.0205652
      73      2.02378     -235.946    0.0374271
      74      1.85898     -207.698    0.0358692
      75      2.90627     -237.728    0.0287825
      76      2.68437     -218.507    0.0447922
      77      2.74462     -198.282    0.0330651
      78      4.01033     -237.762    0.0380326
      79      3.63761     -224.576    0.0494060
      80      3.54187     -209.646    0.0380283
      81      0.00000      0.00000      0.00000
      82      5.02809     -237.954    0.0606733
      83      4.63598     -229.012    0.0329850
      84      4.27936     -217.214    0.0412083
      85      4.45533     -203.534    0.0872620
      86      4.62422     -190.852     0.156615
      87      6.05347     -238.672    0.0973387
      88      5.67671     -230.085    0.0892695
      89      5.34700     -220.728    0.0952866
      90      5.28091     -211.126     0.142488
      91      5.36909     -200.089     0.225057
      92      5.58399     -189.193     0.220062
      93      0.00000      0.00000      0.00000
      94      6.23547     -206.325     0.235870
      95      6.32765     -197.274     0.274480
      96     0.956044     -298.910   0.00563182
      97      0.00000      0.00000      0.00000
      98      0.00000      0.00000      0.00000
      99      0.00000      0.00000      0.00000
     100      2.56237     -280.292    0.0429430
     101      2.59324     -256.651    0.0408196
     102      3.88269     -299.950    0.0624044
     103      3.46683     -285.804    0.0747024
     104      0.00000      0.00000      0.00000
     105      0.00000      0.00000      0.00000
     106      4.91849     -300.665    0.0892069
     107      0.00000      0.00000      0.00000
     108      4.21890     -276.212    0.0804065
     109      4.62806      97.1609     0.219158
     110      4.43912     -249.811    0.0731437
     111      0.00000      0.00000      0.00000
     112      0.00000      0.00000      0.00000
     113      5.20765     -281.723    0.0637751
     114      5.09281     -268.790    0.0489867
     115      0.00000      0.00000      0.00000
     116      5.48842     -248.222    0.0854737
     117      0.00000      0.00000      0.00000
     118      6.00742     -264.737     0.130904
     119      6.18414     -255.659     0.129613
     120     0.995785     -2.50098   0.00205076
     121      2.03810    -0.732423    0.0157811
     122      1.70400      23.5979    0.0172883
     123      2.94066    -0.211404    0.0414183
     124      0.00000      0.00000      0.00000
     125      2.59889      32.4937    0.0486313
     126      3.88942    -0.117975    0.0788077
     127      3.48845      12.5835    0.0917061
     128      3.37073      22.9825    0.0755151
     129      3.50639     -313.022    0.0867740
     130      4.93256     0.548525    0.0913734
     131      4.50225      9.28696     0.140111
     132      4.26321      17.8602     0.112760
     133      4.26687      28.8522     0.127913
     134      4.44858     -310.429    0.0946908
     135      5.88868     0.895218     0.124828
     136      5.48654      7.74305     0.174968
     137      5.19866      19.5805     0.231629
     138      5.13519      23.3548    0.0930345
     139      5.22710      32.2166     0.103913
     140      5.54604     -309.471     0.106305
     141      0.00000      0.00000      0.00000
     142      0.00000      0.00000      0.00000
     143      6.17970      34.9257     0.136391
