BOLO_A1		1	300.0000000	1.0000000	
BOLO_A2		1	300.0000000	2.0000000	
BOLO_A3		1	330.0000000	1.7320508	
BOLO_A4		7	300.0000000	3.0000000	
BOLO_A5		0	319.1065979	2.6457512	
BOLO_A6		0	340.8934021	2.6457512	
BOLO_A7		1	300.0000000	4.0000000	
BOLO_A8		1	313.8978882	3.6055512	
BOLO_A9		-1	330.0000000	3.4641016	
BOLO_A10	7	346.1021118	3.6055512	
BOLO_A11	1	300.0000000	5.0000000	
BOLO_A12	7	310.8934021	4.5825758	
BOLO_A13	1	323.4132080	4.3588991	
BOLO_A14	1	336.5867920	4.3588991	
BOLO_A15	7	349.1065979	4.5825758	
BOLO_A16	7	300.0000000	6.0000000	
BOLO_A17	1	308.9482727	5.5677600	
BOLO_A18	1	319.1065979	5.2915025	
BOLO_A19	1	330.0000000	5.1961522	
BOLO_A20	1	340.8934021	5.2915025	
BOLO_A21	1	351.0517273	5.5677600	
BOLO_A23	3	325.2850037	6.0827627	
BOLO_A24	1	334.7149963	6.0827627	
BOLO_A25	-1	343.8978882	6.2449980	
BOLO_B1		1	240.0000000	1.0000000	
BOLO_B2		1	240.0000000	2.0000000	
BOLO_B3		1	270.0000000	1.7320508	
BOLO_B4		0	240.0000000	3.0000000	
BOLO_B5		1	259.1066055	2.6457512	
BOLO_B6		1	280.8933945	2.6457512	
BOLO_B7		1	240.0000000	4.0000000	
BOLO_B8		1	253.8978863	3.6055512	
BOLO_B9		1	270.0000000	3.4641016	
BOLO_B10	1	286.1021156	3.6055512	
BOLO_B11	1	240.0000000	5.0000000	
BOLO_B12	6	250.8933954	4.5825758	
BOLO_B13	1	263.4132233	4.3588991	
BOLO_B14	5	276.5867767	4.3588991	
BOLO_B15	1	289.1066055	4.5825758	
BOLO_B16	1	240.0000000	6.0000000	
BOLO_B17	1	248.9482756	5.5677600	
BOLO_B18	1	259.1066055	5.2915025	
BOLO_B19	1	270.0000000	5.1961522	
BOLO_B20	1	280.8933945	5.2915025	
BOLO_B21	5	291.0517235	5.5677600	
BOLO_B23	3	265.2849960	6.0827627	
BOLO_B24	1	274.7150040	6.0827627	
BOLO_B25	1	283.8978844	6.2449980	
BOLO_C1		1	180.0000000	1.0000000	
BOLO_C2		7	180.0000000	2.0000000	
BOLO_C3		1	210.0000000	1.7320508	
BOLO_C4		7	180.0000000	3.0000000	
BOLO_C5		1	199.1066055	2.6457512	
BOLO_C6		-1	220.8933945	2.6457512	
BOLO_C7		-1	180.0000000	4.0000000	
BOLO_C8		5	193.8978882	3.6055512	
BOLO_C9		-1	210.0000000	3.4641016	
BOLO_C10	1	226.1021118	3.6055512	
BOLO_C11	-1	180.0000000	5.0000000	
BOLO_C12	-1	190.8933945	4.5825758	
BOLO_C13	-1	203.4132233	4.3588991	
BOLO_C14	5	216.5867767	4.3588991	
BOLO_C15	5	229.1066055	4.5825758	
BOLO_C16	-1	180.0000000	6.0000000	
BOLO_C17	7	188.9482727	5.5677600	
BOLO_C18	5	199.1066055	5.2915025	
BOLO_C19	5	210.0000000	5.1961522	
BOLO_C20	1	220.8933945	5.2915025	
BOLO_C21	0	231.0517273	5.5677600	
BOLO_C23	3	205.2849960	6.0827627	
BOLO_C24	1	214.7150040	6.0827627	
BOLO_C25	-1	223.8978882	6.2449980	
BOLO_D1		1	120.0000000	1.0000000	
BOLO_D2		7	120.0000000	2.0000000	
BOLO_D3		1	150.0000000	1.7320508	
BOLO_D4		0	120.0000000	3.0000000	
BOLO_D5		7	139.1065979	2.6457512	
BOLO_D6		7	160.8934021	2.6457512	
BOLO_D7		1	120.0000000	4.0000000	
BOLO_D8		1	133.8978882	3.6055512	
BOLO_D9		1	150.0000000	3.4641016	
BOLO_D10	-1	166.1021118	3.6055512	
BOLO_D11	1	120.0000000	5.0000000	
BOLO_D12	1	130.8934021	4.5825758	
BOLO_D13	0	143.4132233	4.3588991	
BOLO_D14	1	156.5867767	4.3588991	
BOLO_D15	1	169.1065979	4.5825758	
BOLO_D16	1	120.0000000	6.0000000	
BOLO_D17	5	128.9482727	5.5677600	
BOLO_D18	1	139.1065979     5.2915025	x
BOLO_D19	1	150.0000000.	5.1961522	
BOLO_D20	1	160.8934021	5.2915025	
BOLO_D21	1	171.0517273	5.5677600	
BOLO_D23	3	145.2850037	6.0827627	
BOLO_D24	7	154.7149963	6.0827627	x
BOLO_D25	1	163.8978882	6.2449980	
BOLO_E1		1	60.0000000	1.0000000	
BOLO_E2		-1	60.0000000	2.0000000	
BOLO_E3		5	90.0000000	1.7320508	
BOLO_E4		-1	60.0000000	3.0000000	
BOLO_E5		1	79.1065979	2.6457512	
BOLO_E6		7	100.8934021	2.6457512	
BOLO_E7		1	60.0000000	4.0000000	
BOLO_E8		1	73.8978882	3.6055512	
BOLO_E9		-1	90.0000000	3.4641016	
BOLO_E10	-1	106.1021118	3.6055512	
BOLO_E11	1	60.0000000	5.0000000	
BOLO_E12	-1	70.8934021	4.5825758	
BOLO_E13	1	83.4132233	4.3588991	
BOLO_E14	1	96.5867767	4.3588991	
BOLO_E15	1	109.1065979	4.5825758	
BOLO_E16	-1	0.0000000	0.0000000	
BOLO_E17	5	68.9482727	5.5677600	
BOLO_E18	1	79.1065979	5.2915025	
BOLO_E19	1	90.0000000	5.1961522	
BOLO_E20	1	100.8934021	5.2915025	
BOLO_E21	1	111.0517273	5.5677600	
BOLO_E23	3	85.2850037	6.0827627	
BOLO_E24	1	94.7149963	6.0827627	
BOLO_E25	1	103.8978882	6.2449980	
BOLO_F1		7	0.0000000	1.0000000	
BOLO_F2		7	0.0000000	2.0000000	
BOLO_F3		5	30.0000000	1.7320508	
BOLO_F4		1	0.0000000	3.0000000	
BOLO_F5		1	19.1065979	2.6457512	
BOLO_F6		1	40.8934021	2.6457512	
BOLO_F7		7	0.0000000	4.0000000	
BOLO_F8		1	13.8978882	3.6055512	
BOLO_F9		1	30.0000000	3.4641016	
BOLO_F10	5	46.1021118	3.6055512	
BOLO_F11	1	0.0000000	5.0000000	
BOLO_F12	1	10.8934021	4.5825758	
BOLO_F13	1	23.4132080	4.3588991	
BOLO_F14	0	36.5867920	4.3588991	
BOLO_F15	1	49.1065979	4.5825758	
BOLO_F16	5	0.0000000	6.0000000	
BOLO_F17	1	8.9482727	5.5677600	
BOLO_F18	1	19.1065979	5.2915025	
BOLO_F19	1	30.0000000	5.1961522	
BOLO_F20	5	40.8934021	5.2915025	
BOLO_F21	1	51.0517273	5.5677600	
BOLO_F23	3	25.2850037	6.0827627	
BOLO_F24	0	34.7149963	6.0827627	
BOLO_F25	5	43.8978882	6.2449980	
