# Bolometer r theta residual^2
       0     0.847055     -52.0940     0.200678
       1      2.53869     -43.6084     0.904399
       2      1.88900     -15.3624     0.514698
       3      3.12035     -48.2232     0.690958
       4       0       0       0
       5      2.39066     -16.3625     0.289448
       6      3.85384     -47.5707     0.915043
       7      3.43024     -34.2686     0.772870
       8       0       0       0
       9      3.52018     0.102636     0.877679
      10       0       0       0
      11       0       0       0
      12       0       0       0
      13       0       0       0
      14       0       0       0
      15       0       0       0
      16       0       0       0
      17       0       0       0
      18       0       0       0
      19       0       0       0
      20       0       0       0
      21       0       0       0
      22       0       0       0
      23       0       0       0
      24      1.19701     -113.817     0.230196
      25      2.22109     -110.850     0.405662
      26      1.68514     -95.3552     0.176396
      27       0       0       0
      28      2.90031     -92.0074     0.516249
      29      2.95709     -68.2536     0.654691
      30      3.80130     -107.284     0.948380
      31      3.70939     -93.3361     0.871340
      32      3.62712     -77.8665     0.824130
      33      3.67216     -62.2064     0.806624
      34       0       0       0
      35       0       0       0
      36       0       0       0
      37       0       0       0
      38       0       0       0
      39       0       0       0
      40       0       0       0
      41       0       0       0
      42       0       0       0
      43       0       0       0
      44       0       0       0
      45       0       0       0
      46       0       0       0
      47       0       0       0
      48       0       0       0
      49      2.36173     -164.066     0.724072
      50      2.08221     -135.650     0.592074
      51      3.12836     -165.513     0.788172
      52      2.90834     -146.009     0.766054
      53       0       0       0
      54       0       0       0
      55      3.72446     -152.801     0.857106
      56       0       0       0
      57      3.62028     -121.900     0.779239
      58       0       0       0
      59       0       0       0
      60       0       0       0
      61       0       0       0
      62      4.69850     -120.273     0.889043
      63       0       0       0
      64       0       0       0
      65       0       0       0
      66       0       0       0
      67       0       0       0
      68       0       0       0
      69       0       0       0
      70       0       0       0
      71       0       0       0
      72      1.05262      114.467     0.117542
      73      2.00967      128.108     0.305196
      74      2.04072      155.683     0.390109
      75      2.96325      130.765     0.599337
      76      2.65532      150.379     0.546816
      77      2.76909      174.534     0.674820
      78      3.91102      131.169     0.825766
      79      3.52251      146.045     0.793967
      80      3.40005      161.534     0.710111
      81       0       0       0
      82      4.88299      130.556     0.976185
      83       0       0       0
      84      4.21497      155.348     0.928698
      85      4.20952      169.021     0.950991
      86       0       0       0
      87       0       0       0
      88       0       0       0
      89       0       0       0
      90       0       0       0
      91       0       0       0
      92       0       0       0
      93       0       0       0
      94       0       0       0
      95       0       0       0
      96      1.08227      67.6088     0.162256
      97       0       0       0
      98       0       0       0
      99       0       0       0
     100      2.52494      90.3377     0.563409
     101      2.60999      111.572     0.531065
     102      3.85953      70.1957     0.759997
     103      3.43474      83.9519     0.692420
     104       0       0       0
     105       0       0       0
     106      4.88153      69.6182     0.889318
     107       0       0       0
     108      4.18879      92.9388     0.791000
     109      4.18415      106.802     0.843569
     110      4.38225      119.142     0.865640
     111       0       0       0
     112       0       0       0
     113      5.13911      88.2689     0.916157
     114      4.99734      98.9910     0.891991
     115       0       0       0
     116       0       0       0
     117       0       0       0
     118      5.83550      102.644     0.929617
     119       0       0       0
     120      1.05186      20.0733     0.362539
     121      2.09096      12.5161     0.459175
     122      1.80278      42.1931     0.383344
     123      3.07309      13.9955     0.746379
     124       0       0       0
     125      2.57684      52.3356     0.544138
     126      3.97953      13.5392     0.941629
     127      3.62112      27.2247     0.839454
     128      3.41375      43.4093     0.818558
     129      3.50123      57.2455     0.729303
     130       0       0       0
     131       0       0       0
     132      4.32691      36.2171     0.977103
     133      4.33435      48.8209     0.947409
     134      4.52909      60.1039     0.911509
     135       0       0       0
     136       0       0       0
     137       0       0       0
     138       0       0       0
     139      4.56102      46.6570     0.955658
     140       0       0       0
     141       0       0       0
     142       0       0       0
     143       0       0       0
