# Bolometer r theta residual^2
       0     0.933523     -63.0650    0.0848063
       1      1.95796     -57.9060    0.0862481
       2      1.68161     -28.0737    0.0769909
       3      2.92093     -58.3835     0.117820
       4       0       0       0
       5      2.70368     -20.6720    0.0936974
       6      3.85794     -58.8986     0.163023
       7      3.50550     -45.1635     0.116559
       8       0       0       0
       9      3.52711     -12.5999     0.112702
      10      4.84123     -57.5984     0.267402
      11      4.48260     -47.4465     0.168614
      12      4.11528     -35.2718     0.262460
      13      4.23247     -21.4037     0.197684
      14      4.45159     -9.21679     0.186135
      15      5.79800     -58.3571     0.268845
      16      5.34144     -48.8489     0.313614
      17      5.13791     -38.7887     0.249317
      18      5.05159     -27.8549     0.242594
      19      5.09085     -16.6057     0.303475
      20      5.45784     -6.94934     0.222282
      21       0       0       0
      22      5.84301     -22.8224     0.352509
      23       0       0       0
      24      1.10409     -123.814     0.129550
      25      2.08719     -121.939     0.114828
      26      1.64837     -92.3747     0.109117
      27       0       0       0
      28      2.68760     -101.231    0.0461309
      29      2.59044     -78.8943    0.0569549
      30      3.99954     -119.071    0.0651474
      31      3.57232     -106.156    0.0341128
      32      3.33313     -89.6842     0.134926
      33      3.49739     -72.8803     0.128116
      34      4.91955     -119.182     0.110528
      35       0       0       0
      36      4.28455     -96.2056    0.0821489
      37      4.14073     -83.1514     0.222068
      38      4.40253     -70.3214     0.187694
      39      5.89783     -118.358     0.203158
      40      5.48444     -109.907     0.142496
      41      5.11387     -100.236     0.193250
      42      5.03509     -89.0339     0.188289
      43      5.08590     -77.5955     0.253848
      44      5.31031     -67.1877     0.313571
      45       0       0       0
      46      5.90555     -83.9329     0.234149
      47      6.06590     -74.0447     0.294020
      48      1.13257     -179.232     0.136668
      49      2.13185     -176.306     0.193939
      50      1.82142     -150.883    0.0961064
      51      3.06750     -177.965     0.131175
      52      2.77481     -159.610     0.147677
      53       0       0       0
      54       0       0       0
      55      3.70790     -163.712     0.188505
      56       0       0       0
      57      3.61598     -133.451    0.0301026
      58       0       0       0
      59       0       0       0
      60       0       0       0
      61      4.39264     -142.477    0.0797270
      62      4.58818     -130.771    0.0113476
      63       0       0       0
      64      5.55867     -169.587     0.143492
      65      5.37098     -159.618     0.146209
      66      5.25786     -149.900    0.0645988
      67      5.29337     -138.147    0.0886633
      68       0       0       0
      69       0       0       0
      70      6.14443     -143.617     0.189400
      71       0       0       0
      72     0.973853     -235.706    0.0811114
      73      1.98601     -236.678     0.120540
      74      1.85402     -206.140     0.176777
      75      2.94544     -238.918    0.0801849
      76      2.58392     -217.325     0.178681
      77      2.66881     -196.757     0.114894
      78      3.85613     -239.069     0.159114
      79      3.52189     -224.878     0.114639
      80      3.42670     -208.708    0.0877165
      81       0       0       0
      82      4.81454     -240.068     0.185683
      83       0       0       0
      84      4.30205     -215.916    0.0767847
      85      4.33436     -202.445    0.0787848
      86      4.62555     -190.239    0.0703252
      87      5.84630     -239.996     0.153874
      88      5.44008     -230.820     0.129773
      89      5.19127     -220.788     0.100708
      90      5.10146     -208.320     0.180550
      91      5.25976     -197.072     0.193847
      92      5.58760     -187.775     0.118903
      93       0       0       0
      94      5.95158     -203.920     0.195321
      95      6.30835     -194.700     0.171816
      96     0.950026     -300.304    0.0516984
      97       0       0       0
      98       0       0       0
      99       0       0       0
     100      2.57308     -280.864    0.0742979
     101      2.52702     -258.809     0.120924
     102      3.86955     -301.183     0.155816
     103      3.44915     -287.956     0.194470
     104       0       0       0
     105       0       0       0
     106      4.97875     -301.045    0.0934490
     107       0       0       0
     108      4.22541     -278.120     0.176154
     109      4.15201     -264.419     0.220416
     110      4.41626     -251.242     0.168796
     111       0       0       0
     112       0       0       0
     113      5.20458     -282.938     0.206808
     114      5.08675     -271.545     0.176855
     115       0       0       0
     116      5.37703     -250.162     0.223546
     117       0       0       0
     118      6.01834     -267.475     0.243356
     119      6.09988     -257.534     0.212707
     120      1.06387     -3.87827    0.0946152
     121      2.01440     0.140789    0.0156953
     122      1.69449      31.5077    0.0592249
     123      2.94927      1.61216    0.0979365
     124       0       0       0
     125      2.56876     -318.978    0.0799608
     126      3.93407     0.509769    0.0751671
     127      3.53029      15.2074     0.111325
     128      3.41966      31.2039    0.0853221
     129      3.53740     -316.433     0.172695
     130      4.86760      1.42597     0.180695
     131      4.53794      12.1933     0.112708
     132      4.29430      23.0628    0.0722787
     133      4.29779      35.8911    0.0824433
     134      4.53548     -311.590    0.0734714
     135      5.85993      1.53464     0.211772
     136      5.56647      9.43553    0.0477685
     137      5.26178      19.4710    0.0450369
     138      5.17674      30.0344    0.0202912
     139      5.24277      39.7429     0.117165
     140       0       0       0
     141       0       0       0
     142       0       0       0
     143      6.24517     -317.031     0.101219
