# Bolometer r theta residual^2
       0     0.973160     -64.9560    0.0894797
       1      1.98224     -62.1329    0.0762936
       2      1.68874     -32.0442    0.0749629
       3       0       0       0
       4       0       0       0
       5      2.57275     -18.7495    0.0748849
       6      3.82259     -59.8511     0.178562
       7      3.42989     -46.3859     0.176904
       8       0       0       0
       9      3.49460     -13.9070     0.110967
      10       0       0       0
      11      4.37017     -48.4893     0.218823
      12      4.13412     -35.7554     0.233869
      13      4.15953     -22.4018     0.213596
      14      4.44611     -9.14846     0.194455
      15      5.82123     -58.5392     0.235436
      16      5.35299     -49.6250     0.255853
      17      5.10571     -39.6577     0.218227
      18      4.97961     -28.0997     0.275947
      19      5.09290     -17.8925     0.227707
      20      5.42123     -7.02783     0.236367
      21       0       0       0
      22      5.87581     -23.2198     0.300441
      23       0       0       0
      24      1.10601     -124.828     0.138321
      25      2.06434     -121.913    0.0935704
      26      1.78696     -93.1586     0.111699
      27       0       0       0
      28      2.60353     -102.214    0.0739929
      29      2.60508     -80.0836    0.0605589
      30      4.01417     -119.871    0.0168982
      31      3.62199     -106.805    0.0472642
      32      3.41412     -90.3283    0.0540188
      33      3.49817     -74.9495     0.125927
      34      4.95980     -119.622    0.0519902
      35       0       0       0
      36      4.32551     -96.7164    0.0350299
      37      4.24000     -83.3990     0.119696
      38      4.35940     -70.8255     0.224530
      39      5.88137     -119.270     0.141065
      40      5.47861     -110.118     0.126920
      41      5.18756     -100.446     0.112340
      42      5.08017     -89.9945     0.116785
      43      5.13066     -78.6708     0.166814
      44      5.40011     -68.0478     0.189820
      45       0       0       0
      46      5.84881     -84.0188     0.270251
      47      6.03807     -75.1529     0.232190
      48      1.11725     -178.353     0.121252
      49      2.06579     -179.356    0.0697495
      50      1.82405     -150.652    0.0943054
      51      2.98568     -178.549    0.0776109
      52      2.73749     -158.378     0.150574
      53       0       0       0
      54       0       0       0
      55      3.61412     -164.637    0.0932730
      56       0       0       0
      57      3.65370     -133.718    0.0497667
      58       0       0       0
      59       0       0       0
      60       0       0       0
      61      4.39208     -142.575    0.0725925
      62      4.61506     -130.089    0.0726584
      63       0       0       0
      64      5.51181     -170.265    0.0946701
      65      5.23213     -159.889     0.109854
      66      5.15595     -149.049    0.0949782
      67      5.27661     -137.935     0.109293
      68       0       0       0
      69       0       0       0
      70      6.01374     -144.230     0.131058
      71       0       0       0
      72      1.02191     -235.120    0.0889276
      73      1.97063     -239.418    0.0358710
      74      1.75545     -206.675     0.104335
      75      2.86779     -238.941     0.143823
      76      2.60282     -219.329    0.0840960
      77      2.61029     -196.796     0.112535
      78      3.87043     -239.765     0.131260
      79      3.52219     -225.521    0.0913695
      80      3.39065     -208.791     0.103699
      81       0       0       0
      82      4.77358     -240.712     0.235043
      83       0       0       0
      84      4.25716     -216.126     0.107891
      85      4.27960     -201.814     0.145206
      86      4.54844     -189.690     0.102479
      87      5.83527     -241.543     0.229265
      88      5.37801     -232.011     0.210874
      89      5.15072     -221.756     0.161245
      90      5.05103     -209.012     0.170681
      91      5.16998     -198.214     0.146826
      92      5.46877     -187.280     0.189728
      93       0       0       0
      94      5.90161     -205.166     0.181762
      95      6.09725     -195.479     0.162596
      96     0.936221      62.0787    0.0730053
      97       0       0       0
      98       0       0       0
      99       0       0       0
     100      2.59609      78.6335    0.0545116
     101      2.54841     -258.827    0.0988227
     102      3.93839      58.7420     0.107273
     103      3.51493      72.7230     0.116990
     104       0       0       0
     105       0       0       0
     106      5.00117      58.3924     0.140464
     107       0       0       0
     108      4.28406      82.2384     0.116320
     109      4.25585     -264.314     0.123719
     110      4.42420     -252.153     0.187139
     111       0       0       0
     112       0       0       0
     113      5.20121      77.4476     0.177123
     114      5.07159     -271.356     0.174487
     115       0       0       0
     116      5.39569     -250.665     0.238021
     117       0       0       0
     118      5.92949     -267.462     0.275213
     119      6.08353     -258.284     0.285057
     120     0.921352     -1.23583    0.0814016
     121      1.93299     0.863460    0.0733080
     122      1.65336      30.4131    0.0797572
     123      2.91168     0.721993    0.0959022
     124       0       0       0
     125      2.58482      41.4510    0.0661184
     126      3.90198     0.693046     0.109128
     127      3.54079      14.7022    0.0819560
     128      3.39429      31.1188    0.0967369
     129      3.52517      45.6268    0.0862012
     130      4.92496      1.11723     0.122871
     131      4.57964      11.8507    0.0770696
     132      4.27411      23.9436    0.0937379
     133      4.27312      36.6446    0.0861466
     134      4.53924      48.3123    0.0771215
     135      5.85113      1.49749     0.215393
     136      5.51882      10.4925     0.157948
     137      5.34004      20.1158     0.106202
     138      5.19066      29.9969   0.00551313
     139      5.27753      40.8882    0.0140398
     140      5.57762      49.6270     0.139144
     141       0       0       0
     142       0       0       0
     143      6.24078      43.3249    0.0627863
