# Bolometer r theta residual^2
       0      1.08168     -66.6846    0.0252764
       1      2.07118     -64.3137    0.0533832
       2      1.62455     -30.4757    0.0367490
       3      0.00000      0.00000      0.00000
       4      0.00000      0.00000      0.00000
       5      2.48449     -16.8907    0.0806982
       6      3.87733     -63.3879    0.0941647
       7      3.41450     -49.2220     0.105709
       8      0.00000      0.00000      0.00000
       9      3.26080     -12.2689     0.166068
      10      0.00000      0.00000      0.00000
      11      4.27236     -51.6263     0.157442
      12      4.07287     -37.8261     0.152161
      13      3.95898     -22.7059     0.228636
      14      4.21223     -8.00472     0.208349
      15      5.76838     -62.3028     0.162008
      16      5.25035     -53.1459     0.175877
      17      4.90028     -42.4528     0.226259
      18      4.75672     -29.6802     0.264290
      19      4.83809     -17.0333     0.286019
      20      5.13513     -6.02313     0.330395
      21      0.00000      0.00000      0.00000
      22      5.59591     -23.6423     0.436080
      23      0.00000      0.00000      0.00000
      24      1.14485     -118.701    0.0292912
      25      2.25273     -119.373    0.0656508
      26      1.93451     -92.8859    0.0473162
      27      0.00000      0.00000      0.00000
      28      2.89392     -102.206    0.0758707
      29      2.84134     -82.5412    0.0571286
      30      4.34316     -117.914     0.143394
      31      3.95615     -105.844     0.119713
      32      3.69507     -91.1643    0.0868387
      33      3.71190     -77.0926    0.0848332
      34      5.38066     -117.165     0.178719
      35      0.00000      0.00000      0.00000
      36      4.65851     -96.9571    0.0984383
      37      4.57734     -84.7996    0.0881382
      38      4.54451     -73.4859    0.0918123
      39      6.37620     -116.673     0.323030
      40      5.93716     -109.329     0.215786
      41      5.64502     -100.910     0.120441
      42      5.48091     -90.5412    0.0729373
      43      5.46617     -80.6221    0.0894550
      44      5.58280     -71.3078    0.0991745
      45      0.00000      0.00000      0.00000
      46      6.41125     -85.3764    0.0994038
      47      6.39985     -77.6169    0.0968864
      48      1.02336     -173.925    0.0156277
      49      1.93424     -175.946    0.0166227
      50      1.88026     -145.041    0.0637208
      51      2.90558     -176.255    0.0447646
      52      2.67646     -155.703    0.0781431
      53      0.00000      0.00000      0.00000
      54      0.00000      0.00000      0.00000
      55      3.56659     -161.271     0.106823
      56      0.00000      0.00000      0.00000
      57      3.83052     -130.036     0.106772
      58      0.00000      0.00000      0.00000
      59      0.00000      0.00000      0.00000
      60      0.00000      0.00000      0.00000
      61      4.50489     -138.252     0.167687
      62      4.81677     -126.528     0.186488
      63      0.00000      0.00000      0.00000
      64      5.43422     -166.109     0.249087
      65      5.28145     -156.050     0.214112
      66      5.35640     -145.303     0.266089
      67      5.62329     -133.838     0.349187
      68      0.00000      0.00000      0.00000
      69      0.00000      0.00000      0.00000
      70      6.38317     -140.595     0.354996
      71      0.00000      0.00000      0.00000
      72      1.03840     -240.855   0.00859013
      73      2.03138     -243.529    0.0178252
      74      1.68871     -209.450   0.00690108
      75      2.90970     -243.849    0.0522244
      76      2.51753     -222.678    0.0333550
      77      2.51168     -198.260    0.0213354
      78      3.84398     -245.469     0.157628
      79      3.36683     -229.526    0.0894351
      80      3.14390     -210.140     0.113634
      81      0.00000      0.00000      0.00000
      82      4.86151     -245.693     0.252068
      83      0.00000      0.00000      0.00000
      84      4.03809     -219.872     0.148769
      85      4.01028     -203.831     0.167667
      86      4.27096     -188.664     0.196710
      87      5.84101     -246.851     0.467506
      88      5.33507     -236.476     0.351877
      89      4.94679     -226.285     0.311155
      90      4.79241     -212.180     0.209599
      91      4.89970     -198.327     0.244294
      92      5.16902     -185.386     0.243265
      93      0.00000      0.00000      0.00000
      94      5.59675     -206.265     0.353380
      95      5.76741     -194.680     0.350655
      96      1.09199     -295.386    0.0217694
      97      0.00000      0.00000      0.00000
      98      0.00000      0.00000      0.00000
      99      0.00000      0.00000      0.00000
     100      2.75057     -282.196    0.0368521
     101      2.75098     -262.903    0.0304767
     102      4.24455     -299.188    0.0958545
     103      3.80939     -288.535    0.0725249
     104      0.00000      0.00000      0.00000
     105      0.00000      0.00000      0.00000
     106      5.35692     -300.535     0.166244
     107      0.00000      0.00000      0.00000
     108      4.63012     -280.167     0.117645
     109      4.51466     -267.838     0.139841
     110      4.56750     -256.608     0.206020
     111      0.00000      0.00000      0.00000
     112      0.00000      0.00000      0.00000
     113      5.65052     -284.697     0.203445
     114      5.51140     -274.890     0.254286
     115      0.00000      0.00000      0.00000
     116      5.61934     -255.463     0.363609
     117      0.00000      0.00000      0.00000
     118      6.46208     -270.968     0.453852
     119      6.37986     -262.659     0.573747
     120     0.901262     0.951230    0.0403931
     121      1.91142      3.59224    0.0445293
     122      1.73286     -320.878    0.0426514
     123      2.79381      2.45353     0.110910
     124      0.00000      0.00000      0.00000
     125      2.72357     -315.079    0.0587401
     126      3.72770      4.18424     0.186829
     127      3.43884      17.3129     0.129252
     128      3.46395     -324.549    0.0982577
     129      3.71840     -311.923    0.0594009
     130      4.72057      2.58849     0.252111
     131      4.41318      16.2073     0.216742
     132      4.35303     -331.624     0.177102
     133      4.46150     -319.604    0.0897451
     134      4.84765     -308.734     0.109572
     135      5.58424      3.22427     0.432679
     136      5.36678      13.2473     0.359659
     137      0.00000      0.00000      0.00000
     138      5.42876     -325.668     0.205604
     139      5.61108     -316.341     0.169790
     140      6.02270     -308.172     0.210306
     141      0.00000      0.00000      0.00000
     142      0.00000      0.00000      0.00000
     143      6.62312     -314.390     0.206612
