# Bolometer r theta residual^2
       0      1.00966     -58.1956  0.000175357
       1      2.04701     -60.4451   0.00228626
       2      1.75692     -31.0693  0.000663694
       3      0.00000      0.00000      0.00000
       4      0.00000      0.00000      0.00000
       5      2.64498     -19.4343  0.000443621
       6      3.89578     -58.6191    0.0102249
       7      3.54728     -45.2296   0.00664891
       8      0.00000      0.00000      0.00000
       9      3.56497     -14.1394   0.00173382
      10      0.00000      0.00000      0.00000
      11      4.45645     -47.9169    0.0142120
      12      4.29032     -35.5305   0.00439423
      13      4.28410     -23.1589   0.00569757
      14      4.58669     -11.0974  0.000729085
      15      5.83929     -57.6761    0.0257842
      16      5.42416     -48.7504    0.0198381
      17      5.19019     -39.7634    0.0121616
      18      5.09515     -29.1017   0.00754941
      19      5.20461     -18.3191   0.00639287
      20      5.50917     -9.53318   0.00922517
      21      0.00000      0.00000      0.00000
      22      5.97909     -24.2530   0.00960861
      23      0.00000      0.00000      0.00000
      24      1.01908     -119.987  0.000395427
      25      2.02071     -119.156  0.000682002
      26      1.76754     -89.2129   0.00586679
      27      0.00000      0.00000      0.00000
      28      2.59139     -100.078   0.00290952
      29      2.61250     -77.1391   0.00104351
      30      3.85277     -118.003    0.0216131
      31      3.50399     -105.466    0.0104860
      32      3.36896     -87.8535   0.00946978
      33      3.49537     -73.1864    0.0138825
      34      4.82845     -118.073    0.0296126
      35      0.00000      0.00000      0.00000
      36      4.18562     -96.4337    0.0296576
      37      4.20974     -82.2586    0.0220479
      38      4.43218     -68.4823    0.0236211
      39      5.78830     -117.186    0.0442712
      40      5.39852     -108.769    0.0274487
      41      5.08553     -99.5082    0.0418991
      42      5.07057     -88.5214    0.0152750
      43      5.13285     -76.4211    0.0297784
      44      5.40506     -66.8695    0.0257585
      45      0.00000      0.00000      0.00000
      46      5.85207     -82.2241    0.0536241
      47      6.07112     -73.0524    0.0290681
      48      1.00911     -182.344  0.000345308
      49      2.01281     -180.105   0.00352877
      50      1.70528     -148.488   0.00259854
      51      2.94594     -180.042   0.00381153
      52      2.66298     -160.453   0.00394394
      53      0.00000      0.00000      0.00000
      54      0.00000      0.00000      0.00000
      55      3.57113     -164.841  0.000825331
      56      0.00000      0.00000      0.00000
      57      3.45292     -132.955    0.0233152
      58      0.00000      0.00000      0.00000
      59      0.00000      0.00000      0.00000
      60      0.00000      0.00000      0.00000
      61      4.24173     -142.792    0.0135258
      62      4.45804     -130.035    0.0153417
      63      0.00000      0.00000      0.00000
      64      5.49247     -170.742   0.00377640
      65      5.18144     -160.961   0.00984934
      66      5.08461     -149.557    0.0165113
      67      5.17936     -137.030    0.0121313
      68      0.00000      0.00000      0.00000
      69      0.00000      0.00000      0.00000
      70      5.90960     -144.645    0.0273944
      71      0.00000      0.00000      0.00000
      72      1.02496     -241.399  0.000720367
      73      1.95330     -240.819   0.00220479
      74      1.73281     -210.795   0.00202601
      75      2.88782     -240.960    0.0126851
      76      2.57734     -221.581   0.00444009
      77      2.58336     -198.915   0.00376258
      78      3.87383     -240.316    0.0189103
      79      3.49138     -226.599    0.0124281
      80      3.37951     -210.808   0.00877958
      81      0.00000      0.00000      0.00000
      82      4.82172     -241.428    0.0303667
      83      0.00000      0.00000      0.00000
      84      4.24068     -217.965    0.0121895
      85      4.29269     -203.938   0.00713541
      86      4.48834     -190.960   0.00873497
      87      5.84573     -241.785    0.0237155
      88      5.38654     -232.805    0.0328251
      89      5.18646     -222.414    0.0103840
      90      5.07078     -211.090    0.0136513
      91      5.26224     -199.855  0.000672744
      92      5.50769     -188.324   0.00344444
      93      0.00000      0.00000      0.00000
      94      6.01811     -206.500   0.00654227
      95      6.18596     -196.011   0.00342829
      96      1.02494     -297.222  0.000633699
      97      0.00000      0.00000      0.00000
      98      0.00000      0.00000      0.00000
      99      0.00000      0.00000      0.00000
     100      2.55798     -282.613   0.00749485
     101      2.55327     -260.256   0.00856523
     102      3.86818      56.1112    0.0163261
     103      3.47869     -287.983    0.0158634
     104      0.00000      0.00000      0.00000
     105      0.00000      0.00000      0.00000
     106      4.87154      56.2851    0.0161484
     107      0.00000      0.00000      0.00000
     108      4.18479     -279.426    0.0299742
     109      4.19502     -266.017    0.0262651
     110      4.42276     -252.486    0.0298071
     111      0.00000      0.00000      0.00000
     112      0.00000      0.00000      0.00000
     113      5.12950     -283.572    0.0258250
     114      5.03698     -272.657    0.0250037
     115      0.00000      0.00000      0.00000
     116      5.37220     -250.564    0.0383382
     117      0.00000      0.00000      0.00000
     118      5.93430     -267.695    0.0350834
     119      6.08989     -258.285    0.0238046
     120      1.00631    0.0266151  8.41883e-05
     121      2.04345    -0.631780   0.00163889
     122      1.75633      28.8945   0.00136769
     123      2.98976    -0.943225  0.000453082
     124      0.00000      0.00000      0.00000
     125      2.60515      38.2575   0.00260893
     126      3.98858    -0.506045   0.00422472
     127      3.53787      12.1554   0.00430299
     128      3.43152      27.9220   0.00170729
     129      3.48919      42.7814    0.0184574
     130      5.01348    -0.629889  0.000207526
     131      4.54210      9.42619   0.00134613
     132      4.30851      20.8690   0.00246844
     133      4.28751      33.0011   0.00495658
     134      4.46405      45.0952    0.0137680
     135      5.94079     -1.09084   0.00725421
     136      5.60356      7.54722   0.00173652
     137      5.25422      16.0171   0.00146612
     138      5.16669      27.0030   0.00373372
     139      5.25982      36.9448   0.00173905
     140      5.46144      47.0496    0.0120076
     141      0.00000      0.00000      0.00000
     142      0.00000      0.00000      0.00000
     143      6.13191      39.3646    0.0185002
