# Bolometer r theta residual^2
       0     0.996578     -66.5434   0.00551175
       1      1.98582     -63.5802    0.0122169
       2      1.61379     -31.9235   0.00533387
       3      0.00000      0.00000      0.00000
       4      0.00000      0.00000      0.00000
       5      2.53080     -19.2494    0.0134071
       6      3.90273     -60.0932   0.00403688
       7      3.45419     -46.5247    0.0113510
       8      0.00000      0.00000      0.00000
       9      3.41531     -12.8812    0.0182369
      10      0.00000      0.00000      0.00000
      11      4.46508     -48.6014    0.0157337
      12      4.15489     -36.5096    0.0272880
      13      4.10151     -21.9801    0.0470724
      14      4.34125     -9.02689    0.0446351
      15      5.87684     -58.4029    0.0358339
      16      5.45189     -49.8259    0.0264399
      17      5.11577     -40.0288    0.0272766
      18      4.96977     -28.6843    0.0598957
      19      5.03149     -17.4397    0.0540537
      20      5.32222     -7.03714    0.0540369
      21      0.00000      0.00000      0.00000
      22      5.85051     -23.2777    0.0725645
      23      0.00000      0.00000      0.00000
      24      1.14297     -127.340    0.0209618
      25      2.22760     -122.156    0.0412981
      26      1.85593     -96.1033    0.0359451
      27      0.00000      0.00000      0.00000
      28      2.79893     -103.880    0.0346833
      29      2.70923     -81.3157    0.0104896
      30      4.08481     -120.087   0.00806681
      31      3.70505     -106.777    0.0152913
      32      3.54018     -91.3588    0.0170601
      33      3.59922     -74.7981   0.00397135
      34      5.11225     -119.115    0.0294109
      35      0.00000      0.00000      0.00000
      36      4.45724     -96.3150    0.0255921
      37      4.40095     -83.2861    0.0133859
      38      4.48865     -70.5863    0.0110363
      39      6.21388     -119.014    0.0915267
      40      5.64092     -110.064    0.0142089
      41      5.36461     -100.252    0.0330624
      42      5.26846     -89.5930    0.0208965
      43      5.36651     -78.2033    0.0346802
      44      5.54531     -67.7222    0.0270088
      45      0.00000      0.00000      0.00000
      46      6.08308     -84.4462    0.0709885
      47      6.25351     -74.2294    0.0757275
      48      1.17451     -179.513    0.0153920
      49      2.17814     -178.341    0.0179324
      50      1.98325     -151.034    0.0567962
      51      3.09367     -178.507   0.00417232
      52      2.83863     -160.458    0.0263844
      53      0.00000      0.00000      0.00000
      54      0.00000      0.00000      0.00000
      55      3.76878     -165.024    0.0141262
      56      0.00000      0.00000      0.00000
      57      3.71302     -134.650   0.00935474
      58      0.00000      0.00000      0.00000
      59      0.00000      0.00000      0.00000
      60      0.00000      0.00000      0.00000
      61      4.45003     -142.633   0.00868810
      62      4.70039     -130.042    0.0140552
      63      0.00000      0.00000      0.00000
      64      5.68121     -170.221    0.0126535
      65      5.39781     -160.224    0.0145006
      66      5.29844     -148.952    0.0135617
      67      5.43468     -137.758    0.0427880
      68      0.00000      0.00000      0.00000
      69      0.00000      0.00000      0.00000
      70      6.23435     -144.045    0.0420469
      71      0.00000      0.00000      0.00000
      72      1.11312     -234.694   0.00860015
      73      2.02861     -238.426   0.00140684
      74      1.85897     -207.219    0.0147077
      75      2.99346     -239.577   0.00448420
      76      2.70725     -219.839   0.00467224
      77      2.71559     -196.820   0.00459635
      78      3.91907     -240.694    0.0338573
      79      3.62526     -225.947   0.00974098
      80      3.48283     -208.652   0.00994901
      81      0.00000      0.00000      0.00000
      82      5.08824     -240.889    0.0429602
      83      4.62738     -230.026    0.0308070
      84      4.35325     -216.678    0.0155595
      85      4.36359     -202.618    0.0152161
      86      4.60617     -190.268    0.0101696
      87      6.07584     -242.091     0.116349
      88      5.61296     -232.557    0.0776336
      89      5.27873     -221.660    0.0313608
      90      5.15777     -209.723    0.0190651
      91      5.30682     -199.401    0.0277981
      92      5.67936     -187.474    0.0309807
      93      0.00000      0.00000      0.00000
      94      6.03521     -206.312    0.0549064
      95      6.29393     -195.654    0.0289566
      96     0.961163     -293.571   0.00978114
      97      0.00000      0.00000      0.00000
      98      0.00000      0.00000      0.00000
      99      0.00000      0.00000      0.00000
     100      2.60079     -279.619   0.00480417
     101      2.61981     -257.772   0.00230866
     102      3.95358     -299.310   0.00283506
     103      3.58190     -284.920   0.00491108
     104      0.00000      0.00000      0.00000
     105      0.00000      0.00000      0.00000
     106      5.00278     -299.823   0.00450272
     107      0.00000      0.00000      0.00000
     108      4.40470     -276.023   0.00753231
     109      0.00000      0.00000      0.00000
     110      4.52260     -252.154    0.0466857
     111      0.00000      0.00000      0.00000
     112      0.00000      0.00000      0.00000
     113      5.37211     -282.193    0.0375227
     114      5.27117     -270.654    0.0313510
     115      0.00000      0.00000      0.00000
     116      5.65286     -250.779    0.0567528
     117      0.00000      0.00000      0.00000
     118      6.13421     -267.487    0.0781044
     119      6.23378     -258.477    0.0902395
     120     0.906739     -2.12126    0.0142224
     121      1.87830    -0.923856    0.0277486
     122      1.63454     -325.847    0.0152560
     123      2.81290     -1.04922    0.0183593
     124      0.00000      0.00000      0.00000
     125      2.53059     -315.282    0.0173676
     126      3.79272    -0.158460    0.0502959
     127      3.43785     -342.304    0.0411930
     128      3.33124     -326.947    0.0378584
     129      3.51205     -311.082    0.0220864
     130      4.77481     -355.167    0.0528919
     131      4.42440     -345.233    0.0704826
     132      4.21605     -334.840    0.0311437
     133      4.24233     -321.595   0.00843541
     134      4.50600     -309.572   0.00438193
     135      5.72155     -356.226     0.100684
     136      5.39640     -347.673    0.0597895
     137      5.16264     -337.269    0.0887052
     138      5.09098     -328.204    0.0454251
     139      5.23348     -318.002    0.0113927
     140      5.56991     -308.252    0.0103582
     141      0.00000      0.00000      0.00000
     142      0.00000      0.00000      0.00000
     143      6.24403     -314.204    0.0354104
