# Bolometer r theta residual^2
       0      1.01059     -60.2058  0.000112479
       1      1.99092     -58.4988  0.000179863
       2      1.73655     -30.5970  4.28641e-05
       3      2.93599     -58.7031   0.00408661
       4      0.00000      0.00000      0.00000
       5      2.58204     -18.1187   0.00390987
       6      3.81187     -58.5480    0.0353638
       7      3.46178     -45.2426    0.0205252
       8      0.00000      0.00000      0.00000
       9      3.47571     -13.3020    0.0164102
      10      4.80940     -58.1284    0.0362859
      11      4.38746     -47.9927    0.0378792
      12      4.16561     -36.1013    0.0369901
      13      4.19095     -22.6028    0.0277045
      14      4.43903     -10.3576    0.0200394
      15      5.78250     -58.2031    0.0472475
      16      5.34079     -49.1377    0.0512718
      17      5.10119     -39.6764    0.0358399
      18      4.98096     -29.0551    0.0455710
      19      5.08785     -18.4347    0.0406544
      20      5.35668     -9.36362    0.0435268
      21      0.00000      0.00000      0.00000
      22      5.83556     -24.3328    0.0599896
      23      0.00000      0.00000      0.00000
      24      1.03244     -119.274   0.00105182
      25      2.00593     -118.784  0.000161169
      26      1.76908     -89.0618   0.00135640
      27      0.00000      0.00000      0.00000
      28      2.61455     -99.2765  0.000892389
      29      2.59309     -77.3155   0.00279706
      30      3.86244     -117.605    0.0188572
      31      3.47705     -103.670    0.0158469
      32      3.35133     -87.9824    0.0127877
      33      3.46283     -71.8531    0.0204346
      34      4.81512     -117.017    0.0319210
      35      0.00000      0.00000      0.00000
      36      4.21965     -94.0389    0.0194823
      37      4.19712     -81.2079    0.0262920
      38      4.43572     -69.0175    0.0216210
      39      5.90831     -117.043   0.00831617
      40      5.40278     -107.599    0.0254989
      41      5.13085     -97.6493    0.0248155
      42      5.05778     -87.4212    0.0188543
      43      5.15001     -76.8090    0.0201943
      44      5.38232     -66.6134    0.0344439
      45      0.00000      0.00000      0.00000
      46      5.91948     -82.7740    0.0384142
      47      6.06808     -73.1931    0.0480780
      48      1.02460     -180.175  0.000623883
      49      1.97306     -178.892  0.000957945
      50      1.78320     -148.261   0.00267417
      51      2.89621     -179.313    0.0104931
      52      2.60704     -159.608   0.00142209
      53      0.00000      0.00000      0.00000
      54      0.00000      0.00000      0.00000
      55      3.50263     -164.612    0.0102929
      56      0.00000      0.00000      0.00000
      57      3.45679     -131.577    0.0219383
      58      0.00000      0.00000      0.00000
      59      0.00000      0.00000      0.00000
      60      0.00000      0.00000      0.00000
      61      4.16828     -141.619    0.0358325
      62      4.42957     -128.729    0.0231098
      63      0.00000      0.00000      0.00000
      64      5.39529     -169.482    0.0289248
      65      5.11139     -159.021    0.0316895
      66      5.02173     -147.883    0.0298293
      67      5.13935     -135.804    0.0279348
      68      0.00000      0.00000      0.00000
      69      0.00000      0.00000      0.00000
      70      5.94738     -142.193    0.0178497
      71      0.00000      0.00000      0.00000
      72      1.02570     -240.334  0.000660604
      73      1.96551     -240.218   0.00118643
      74      1.72463     -208.954  5.23763e-05
      75      2.90491     -240.502   0.00909319
      76      2.61206     -221.265   0.00110486
      77      2.58930     -199.208   0.00309124
      78      3.83322     -240.321    0.0278040
      79      3.48132     -226.197    0.0153174
      80      3.33934     -209.939    0.0153264
      81      0.00000      0.00000      0.00000
      82      4.81261     -241.313    0.0350838
      83      0.00000      0.00000      0.00000
      84      4.21402     -216.597    0.0207440
      85      4.20770     -202.944    0.0224567
      86      4.38593     -190.032    0.0379783
      87      5.82624     -241.756    0.0301925
      88      5.36678     -232.095    0.0402454
      89      5.09952     -221.028    0.0372299
      90      5.01051     -209.780    0.0339089
      91      5.10529     -198.410    0.0339227
      92      5.37890     -187.382    0.0347240
      93      0.00000      0.00000      0.00000
      94      5.86390     -205.150    0.0471155
      95      6.04561     -195.301    0.0387369
      96      1.03882     -298.870   0.00152674
      97      0.00000      0.00000      0.00000
      98      0.00000      0.00000      0.00000
      99      0.00000      0.00000      0.00000
     100      2.50632     -281.679    0.0194306
     101      2.57134     -259.731   0.00555832
     102      3.86162     -301.684    0.0172824
     103      3.42388     -286.838    0.0329173
     104      0.00000      0.00000      0.00000
     105      0.00000      0.00000      0.00000
     106      4.86747     -301.697    0.0173084
     107      0.00000      0.00000      0.00000
     108      4.18307     -277.941    0.0309161
     109      4.22401     -264.669    0.0182520
     110      4.38836     -251.832    0.0378002
     111      0.00000      0.00000      0.00000
     112      0.00000      0.00000      0.00000
     113      5.11459     -282.660    0.0312549
     114      5.04219     -271.765    0.0237610
     115      0.00000      0.00000      0.00000
     116      5.38422     -251.030    0.0337771
     117      0.00000      0.00000      0.00000
     118      5.85088     -267.207    0.0523923
     119      6.05367     -258.264    0.0367571
     120      1.02414     0.861296  0.000613218
     121      1.96425     0.153148   0.00109705
     122      1.72183     -330.085  0.000476747
     123      2.90530     0.358503   0.00865115
     124      0.00000      0.00000      0.00000
     125      2.55602     -319.489   0.00707607
     126      3.87196     0.286344    0.0159001
     127      3.49548     -345.643    0.0117251
     128      3.33472     -331.401    0.0163569
     129      3.49223     -314.770    0.0112522
     130      4.80714     0.227435    0.0362862
     131      4.45320     -349.302    0.0160871
     132      4.34269     -337.101  0.000200540
     133      4.28554     -326.778    0.0134001
     134      4.41399     -312.199    0.0255497
     135      5.77832    -0.568211    0.0478986
     136      5.38400     -351.582    0.0327836
     137      5.08122     -341.580    0.0421023
     138      5.02306      30.9804    0.0265704
     139      5.13016     -320.939    0.0253749
     140      0.00000      0.00000      0.00000
     141      0.00000      0.00000      0.00000
     142      0.00000      0.00000      0.00000
     143      6.05023     -318.034    0.0333794
