  # Array params (scaleX,scaleY,xoff,yoff,angle):        1.0373       0.0155      -0.0238         0.9856       175.9383
# Bolometer r theta residual^2
       0       1.0074418      -53.638170   1.7984977e-05
       1       1.9678771      -59.612364    0.0025236324
       2       1.7770255      -28.369630    0.0023836227
       3       3.0273088      -58.563636   1.7182866e-05
       4       0       0       0
       5       0       0       0
       6       3.9557362      -57.782857    0.0075621418
       7       3.4140722      -44.566395     0.044381775
       8       0       0       0
       9       3.4999642      -13.163239    0.0080669408
      10       4.8233527      -57.980258     0.053311348
      11       4.4488478      -46.541302     0.027070868
      12       4.1966971      -34.382764     0.029268965
      13       4.1250088      -22.258648     0.050847198
      14       4.4354783      -8.7792506     0.015630828
      15       5.8062345      -57.839739     0.067873830
      16       5.3802042      -49.242497     0.053864836
      17       5.0654302      -39.520756     0.061654998
      18       4.8893987      -28.897606     0.095155405
      19       0       0       0
      20       5.2949255      -7.9078081     0.060829709
      21       0       0       0
      22       5.7897252      -23.909086     0.082127178
      23       0       0       0
      24       1.0445946      -117.64194    0.0014547174
      25       2.0142157      -116.82993   1.6660725e-05
      26       1.6778132      -85.971447    0.0058391935
      27       0       0       0
      28       2.5596350      -98.139374     0.014972695
      29       2.5957302      -77.023576    0.0075930761
      30       3.8984212      -116.78393     0.020311268
      31       3.5160247      -103.88436     0.019171981
      32       3.3832489      -88.384051     0.017962612
      33       3.5828543      -72.397060    0.0055567000
      34       4.8684886      -116.73976     0.033916123
      35       0       0       0
      36       4.3124481      -94.139226     0.013209639
      37       4.2858711      -80.250888     0.020007854
      38       4.4943877      -69.778584     0.023417345
      39       5.9254438      -116.50357     0.019707805
      40       5.3303057      -107.10293     0.096831284
      41       5.2562049      -97.654166     0.013958824
      42       5.1418893      -87.271384     0.019447447
      43       5.1589255      -76.585326     0.046040098
      44       5.3769676      -67.076312     0.071103798
      45       0       0       0
      46       6.0006527      -82.363123     0.033210265
      47       6.0359340      -73.865081     0.092387008
      48       1.0500973      -178.79491    0.0027686510
      49       1.9681211      -177.20035   0.00059389702
      50       1.7254526      -146.16221   3.1403122e-05
      51       2.9416959      -178.02402    0.0021121369
      52       2.5458750      -159.54030    0.0083671432
      53       0       0       0
      54       0       0       0
      55       3.5041576      -162.55887    0.0077686995
      56       0       0       0
      57       3.4988894      -130.58035     0.015776376
      58       0       0       0
      59       0       0       0
      60       0       0       0
      61       4.2116878      -140.88087     0.024017152
      62       4.4035819      -128.11282     0.043263318
      63       0       0       0
      64       5.3361535      -169.21633     0.042945561
      65       5.0895625      -158.92412     0.034483746
      66       5.1062470      -147.15360    0.0079504515
      67       5.1084183      -135.65568     0.041134635
      68       0       0       0
      69       0       0       0
      70       5.9038901      -141.62936     0.035821885
      71       0       0       0
      72      0.94550854      -237.34012    0.0056363754
      73       1.8934700      -238.97449     0.019695539
      74       1.7720870      -209.03625   0.00092352154
      75       2.9160303      -241.52857     0.017924432
      76       2.4937810      -220.51084     0.030685498
      77       2.5484447      -199.25838    0.0097791362
      78       3.8756968      -243.01342     0.035939791
      79       3.4785275      -227.13570     0.027617903
      80       3.3452220      -210.40783     0.017723215
      81       0       0       0
      82       4.8367177      -242.46613     0.058468153
      83       0       0       0
      84       4.1740725      -218.54122     0.046255859
      85       4.1675004      -203.97458     0.038897986
      86       4.3082931      -190.53426     0.069064564
      87       5.8441356      -242.34333     0.061862977
      88       5.3343829      -233.86115     0.092017136
      89       5.0778022      -221.79462     0.065465268
      90       4.9456160      -210.94076     0.072605300
      91       5.0514469      -199.23856     0.056528832
      92       5.2469832      -187.46873     0.091550334
      93       0       0       0
      94       5.7870786      -206.82527     0.094527652
      95       5.9074753      -196.43717      0.10820456
      96       1.1093871      -301.97582    0.0086577233
      97       0       0       0
      98       0       0       0
      99       0       0       0
     100       2.5462215      -281.72095     0.022120321
     101       2.6277160      -259.85478    0.0054325149
     102       3.8248764      -300.69625     0.048755360
     103       3.5527596      -287.96646     0.012632262
     104       0       0       0
     105       0       0       0
     106       4.9537696      -306.16600    0.0085465998
     107       0       0       0
     108       4.2945053      -278.02788     0.021225918
     109       4.3132206      -265.33656     0.017557630
     110       4.5101151      -253.80671     0.025117735
     111       0       0       0
     112       0       0       0
     113       5.2245143      -282.27347     0.025458349
     114       5.1297912      -272.02424     0.027671572
     115       0       0       0
     116       5.4433445      -251.85610     0.050413225
     117       0       0       0
     118       6.0273408      -268.54517     0.029928504
     119       6.1699265      -259.78076     0.037715427
     120      0.96267538      -353.43048   0.00091496318
     121       2.0230483       2.0621159    0.0013109901
     122       1.7832811      -328.51034    0.0025132973
     123       2.8950502       1.4991904    0.0076196459
     124       0       0       0
     125       2.6900082      -316.69666   0.00089523799
     126       3.7958429       2.0172362     0.033087596
     127       3.4540833      -346.20086     0.018183656
     128       3.4375397      -329.10506   0.00070174258
     129       3.5377180      -313.95511    0.0080895787
     130       4.8214409       1.8965180     0.022812617
     131       4.4556140      -348.10674     0.010924356
     132       4.1796770      -335.58782     0.028844333
     133       4.2738810      -322.70056    0.0090446608
     134       4.5749394      -310.01925    0.0018506849
     135       5.7292817       2.0011673     0.056900287
     136       5.3443692      -350.05704     0.038204966
     137       0       0       0
     138       5.0586086      -329.67878     0.018420936
     139       5.2898903      -318.65925   0.00049633303
     140       0       0       0
     141       0       0       0
     142       0       0       0
     143       6.1918427      -316.53867    0.0067778597
