# Bolometer r theta residual^2
       0      1.03234     -52.7343     0.139419
       1      1.95221     -49.6697     0.375904
       2      1.56433     -32.1494     0.184500
       3      2.87655     -62.0523     0.166055
       4       0       0       0
       5      2.65657     -25.5537     0.306583
       6      3.57554     -62.0195     0.447531
       7      3.18086     -43.6258     0.449209
       8       0       0       0
       9      3.37506     -21.4489     0.537462
      10      4.87918     -60.3091     0.124185
      11      4.61676     -49.7103    0.0606215
      12      4.20563     -38.7798     0.234792
      13      4.02477     -26.0559     0.403055
      14      4.23261     -10.4935     0.361166
      15      5.87942     -61.7377     0.224863
      16      5.29800     -52.4972     0.308606
      17      5.05023     -41.0441     0.243989
      18      5.04915     -32.0569     0.247264
      19      4.98734     -20.5673     0.345454
      20      5.40627     -6.78129     0.262972
      21       0       0       0
      22      5.46698     -25.8468     0.633187
      23       0       0       0
      24      1.15846     -114.013     0.195277
      25      2.26368     -118.621     0.275552
      26       0       0       0
      27      3.08983     -117.980     0.140015
      28      2.58204     -103.092     0.119453
      29      2.60562     -76.9374     0.112575
      30      4.02046     -118.533     0.105490
      31      3.70117     -112.432     0.429623
      32      3.35922     -88.3157     0.151626
      33      3.03124     -70.3158     0.617680
      34       0       0       0
      35       0       0       0
      36      4.52127     -95.4153     0.186051
      37      4.13355     -87.0157     0.353235
      38      4.56339     -68.1732     0.229036
      39      5.99786     -118.251     0.186259
      40      5.59894     -108.191     0.285768
      41       0       0       0
      42      4.98892     -86.9256     0.359616
      43      5.19054     -78.2168     0.134073
      44      5.09426     -66.5190     0.531396
      45       0       0       0
      46      6.01950     -84.9070    0.0773255
      47      6.21416     -74.5864     0.176195
      48      1.01812     -170.233     0.174706
      49      1.97992     -173.065     0.242828
      50      1.63636     -143.286     0.222430
      51      2.69696     -175.764     0.373771
      52      2.90358     -163.577     0.298440
      53       0       0       0
      54       0       0       0
      55      3.56482     -165.747    0.0477410
      56       0       0       0
      57      3.66790     -130.517     0.223499
      58       0       0       0
      59       0       0       0
      60       0       0       0
      61      3.94782     -143.897     0.432317
      62       0       0       0
      63       0       0       0
      64      5.33530     -171.533     0.248827
      65      5.06133     -154.836     0.596325
      66      4.96356     -147.391     0.337792
      67      5.20877     -134.678     0.418748
      68       0       0       0
      69       0       0       0
      70      5.80112     -141.881     0.464432
      71       0       0       0
      72      1.37672     -251.393     0.450332
      73      2.29042     -233.675     0.384174
      74      2.11728     -199.504     0.546598
      75      2.60101     -222.181     0.984375
      76      2.99505     -233.283     0.718308
      77      2.10000     -210.002     0.740353
      78      3.85644     -247.193     0.537285
      79      3.41250     -225.619     0.195532
      80      3.31321     -212.081     0.203624
      81       0       0       0
      82       0       0       0
      83       0       0       0
      84      4.29046     -217.580     0.106303
      85      4.25851     -211.632     0.651236
      86      4.70988     -199.254     0.698797
      87      5.57436     -236.699     0.548878
      88      5.23368     -230.470     0.338594
      89       0       0       0
      90      5.08278     -211.799     0.207198
      91      4.71886     -198.825     0.586340
      92      5.13758     -186.377     0.497670
      93       0       0       0
      94       0       0       0
      95      6.11233     -203.500     0.836600
      96       0       0       0
      97       0       0       0
      98       0       0       0
      99       0       0       0
     100      3.33879     -269.896     0.897884
     101      2.69348     -259.619    0.0546274
     102      4.32391     -296.352     0.419913
     103      3.33812     -286.438     0.273625
     104       0       0       0
     105       0       0       0
     106      4.64997     -302.641     0.418649
     107       0       0       0
     108      4.95623     -275.165     0.612690
     109      4.28648     -264.222    0.0952317
     110      5.13942     -253.326     0.601066
     111       0       0       0
     112      5.28541     -294.241     0.413429
     113      5.32308     -280.254    0.0676902
     114      4.89151     -269.702     0.310109
     115      4.75189     -263.181     0.649163
     116      5.48883     -249.688     0.108289
     117       0       0       0
     118      6.27793     -268.010     0.370177
     119      6.06446     -260.778     0.552011
     120       0       0       0
     121      1.86246    -0.683844     0.145929
     122      1.93625      20.1890     0.379123
     123      2.89795    -0.376185     0.108763
     124       0       0       0
     125      2.59862     -325.328     0.288456
     126      3.49244      3.14796     0.560539
     127      3.85655      10.9881     0.320759
     128      3.02850     -332.126     0.472838
     129      3.17181     -317.394     0.493509
     130      4.64104     0.783117     0.376994
     131      4.41598      11.4316     0.178500
     132      4.14974      21.2458     0.273361
     133       0       0       0
     134      4.33126     -312.151     0.277108
     135      5.57335     0.726194     0.447406
     136      5.30199      8.54112     0.281858
     137      5.03607      20.6419     0.300414
     138      5.11207     -332.729     0.260650
     139       0       0       0
     140      5.31806     -312.318     0.407394
     141       0       0       0
     142       0       0       0
     143      6.29199     -315.114     0.117921
