# Bolometer r theta residual^2
       0     0.936471     -62.5903    0.0784267
       1      1.97125     -60.9243    0.0441479
       2      1.64623     -30.1429    0.0873349
       3       0       0       0
       4       0       0       0
       5      2.53526     -19.3942     0.114108
       6      3.86571     -60.1600     0.135009
       7      3.45874     -46.9152     0.157632
       8       0       0       0
       9      3.40871     -13.2823     0.204065
      10      4.77790     -60.1077     0.222605
      11      4.35542     -48.8355     0.228682
      12      4.18491     -36.7502     0.176684
      13      4.14976     -23.3672     0.212991
      14      4.41297     -10.3211     0.178537
      15      5.68608     -59.1042     0.327111
      16      5.34731     -50.3634     0.229994
      17      5.04926     -40.8530     0.244155
      18      4.93964     -29.0276     0.271817
      19      5.00824     -18.0053     0.303024
      20      5.35778     -8.83651     0.215739
      21       0       0       0
      22       0       0       0
      23       0       0       0
      24      1.06359     -120.179    0.0652228
      25      2.10813     -119.917     0.110497
      26      1.72469     -91.7042    0.0533683
      27       0       0       0
      28      2.64802     -100.589    0.0145590
      29      2.64250     -80.0229    0.0438680
      30      3.91582     -119.022     0.111892
      31       0       0       0
      32      3.35035     -90.6541     0.120225
      33      3.48979     -74.2124     0.117410
      34      4.93541     -118.600     0.141849
      35       0       0       0
      36      4.23745     -96.1727     0.127436
      37      4.26323     -83.2665    0.0967698
      38      4.36395     -71.0116     0.218817
      39      5.82830     -118.476     0.241425
      40      5.40078     -109.393     0.238801
      41      5.15976     -99.5440     0.186447
      42      4.99878     -89.6655     0.201420
      43      5.09497     -78.5389     0.204478
      44      5.38470     -68.1733     0.198486
      45       0       0       0
      46      5.88414     -83.8519     0.254519
      47      5.95939     -75.1208     0.306436
      48      1.14375     -178.258     0.152720
      49      2.01479     -178.546    0.0537598
      50      1.81632     -149.934    0.0872988
      51      3.00234     -179.190    0.0427653
      52      2.68837     -159.360    0.0839961
      53       0       0       0
      54       0       0       0
      55       0       0       0
      56       0       0       0
      57      3.60037     -132.307     0.101022
      58       0       0       0
      59       0       0       0
      60       0       0       0
      61      4.18627     -142.171     0.202799
      62      4.47602     -130.180     0.124996
      63       0       0       0
      64      5.45221     -169.133     0.218736
      65      5.14952     -159.860     0.174613
      66      5.07544     -151.223     0.165498
      67      5.10137     -136.107     0.340319
      68       0       0       0
      69       0       0       0
      70      6.14930     -143.828     0.169280
      71       0       0       0
      72      1.03911     -236.455    0.0765798
      73      2.06160     -237.680     0.105747
      74      1.81601     -208.915    0.0929948
      75      2.93662     -239.882    0.0636796
      76      2.58184     -219.958    0.0768605
      77      2.68838     -198.703    0.0481649
      78      3.86669     -240.019     0.133456
      79      3.55129     -226.367    0.0575938
      80      3.35579     -210.106     0.110315
      81       0       0       0
      82      4.95578     -240.388    0.0566969
      83      4.52231     -229.791    0.0834880
      84      4.19006     -217.151     0.177351
      85      4.27493     -203.249    0.0860340
      86      4.43549     -190.200     0.159089
      87      5.89983     -240.735     0.128314
      88      5.47567     -230.959    0.0926847
      89      5.31911     -221.298    0.0468903
      90      5.14404     -210.162    0.0554630
      91      5.13901     -198.601     0.161061
      92      5.47646     -187.701     0.151059
      93       0       0       0
      94      6.05838     -205.306    0.0250061
      95      6.19126     -195.564    0.0794017
      96       0       0       0
      97       0       0       0
      98       0       0       0
      99       0       0       0
     100      2.59715     -279.546    0.0813556
     101      2.55368     -258.182     0.102381
     102      3.93973     -299.882    0.0624739
     103      3.47779     -286.870     0.136749
     104       0       0       0
     105       0       0       0
     106      4.88887     -301.384     0.163191
     107       0       0       0
     108      4.30018     -277.328    0.0813485
     109      4.20363     -264.246     0.167370
     110      4.48068     -252.027     0.137681
     111       0       0       0
     112       0       0       0
     113      5.15615     -282.731     0.216111
     114      5.09557     -272.208     0.225908
     115       0       0       0
     116      5.40279     -250.073     0.199136
     117       0       0       0
     118      5.99846     -266.915     0.195128
     119      6.12369     -257.829     0.227106
     120     0.957822   -0.0377139    0.0435536
     121      1.87678     0.572044     0.128205
     122      1.70017     -328.419    0.0580899
     123      2.89612     0.953278     0.116942
     124       0       0       0
     125      2.54728     -317.794     0.119132
     126      3.84856    -0.927127     0.170255
     127      3.41928      14.8593     0.201362
     128      3.36100     -329.847     0.107303
     129      3.46968     -314.617     0.145800
     130      4.84219     0.502431     0.167551
     131      4.42518      10.0165     0.177842
     132      4.12640     -337.163     0.244697
     133      4.20598     -323.337     0.158369
     134      4.51483     -311.970     0.109191
     135      5.83434     0.307347     0.173178
     136      5.49694      8.21716     0.102634
     137      5.38527      19.6783     0.110961
     138      5.13673     -328.905     0.117023
     139      5.19844     -319.718     0.110247
     140      5.51423     -309.981     0.113341
     141       0       0       0
     142       0       0       0
     143       0       0       0
