# Bolometer r theta residual^2
       0      1.04942     -64.3169    0.0922831
       1      2.00307     -61.9108    0.0669532
       2      1.65806     -32.8259     0.111665
       3       0       0       0
       4       0       0       0
       5      2.54987     -19.5658    0.0981627
       6      3.86998     -59.3978     0.137866
       7      3.41936     -46.9079     0.193383
       8       0       0       0
       9      3.41568     -13.7711     0.190316
      10       0       0       0
      11      4.36728     -48.7086     0.219362
      12      4.17956     -35.5136     0.198087
      13      4.11166     -22.9509     0.250545
      14      4.39179     -10.2919     0.197051
      15      5.72837     -59.1450     0.288356
      16      5.32732     -49.5642     0.281885
      17      4.99481     -40.1500     0.306474
      18      4.93147     -28.8686     0.284996
      19      5.08283     -17.8617     0.238747
      20      5.28545     -8.04752     0.295753
      21       0       0       0
      22      5.75365     -23.5798     0.376131
      23       0       0       0
      24      1.16164     -123.854     0.177560
      25      2.05528     -120.752    0.0615028
      26      1.80671     -94.0073     0.144725
      27       0       0       0
      28      2.68219     -101.333    0.0419850
      29      2.65192     -81.3407     0.103479
      30      3.91969     -120.011    0.0808827
      31      3.52456     -107.503     0.120012
      32      3.45054     -89.8312    0.0170616
      33      3.51303     -74.8594     0.110761
      34      4.95408     -120.211    0.0499548
      35       0       0       0
      36      4.21493     -97.4545     0.159536
      37      4.27466     -82.8611    0.0947695
      38      4.42371     -70.9306     0.160479
      39      5.96165     -119.219    0.0900957
      40      5.48881     -111.011    0.0796791
      41      5.11874     -100.350     0.181034
      42      5.12071     -89.8788    0.0769856
      43      5.14558     -78.0141     0.178066
      44      5.35809     -67.9823     0.231382
      45       0       0       0
      46      5.94880     -84.4467     0.161463
      47      6.05609     -75.1488     0.216859
      48      1.12934     -177.509     0.137440
      49      2.00208     -179.260    0.0262024
      50      1.80646     -148.449    0.0891449
      51      2.98583     -179.175    0.0458044
      52      2.70157     -161.855    0.0717643
      53       0       0       0
      54       0       0       0
      55      3.53188     -166.919    0.0899533
      56       0       0       0
      57      3.54718     -133.886    0.0586334
      58       0       0       0
      59       0       0       0
      60       0       0       0
      61      4.35430     -143.487   0.00734457
      62      4.58303     -130.901  0.000761942
      63       0       0       0
      64      5.53127     -171.415    0.0509485
      65      5.29298     -160.868   0.00282002
      66      5.11362     -149.316     0.102974
      67      5.24573     -138.129     0.101069
      68       0       0       0
      69       0       0       0
      70      6.09768     -144.396    0.0965519
      71       0       0       0
      72      1.01263     -237.645    0.0432620
      73      1.97078     -239.678    0.0316080
      74      1.80344     -207.262     0.110657
      75      2.88488     -240.823     0.123306
      76      2.60581     -219.826    0.0638141
      77      2.55772     -198.715    0.0901432
      78      3.84565     -241.673     0.192720
      79      3.49365     -226.392     0.113887
      80      3.29770     -210.784     0.172935
      81       0       0       0
      82      4.85901     -242.690     0.271014
      83      4.47388     -230.647     0.163231
      84      4.23262     -217.752     0.153601
      85      4.21121     -204.004     0.154245
      86      4.50736     -190.556    0.0801218
      87      5.84900     -243.190     0.362717
      88      5.44429     -233.745     0.286750
      89      5.19627     -222.517     0.176560
      90      5.03142     -211.653     0.221147
      91      5.17200     -199.940     0.141706
      92      5.39782     -189.275     0.172810
      93       0       0       0
      94      5.91680     -206.892     0.236472
      95      6.13361     -196.999     0.147786
      96     0.989317      59.0776    0.0194298
      97       0       0       0
      98       0       0       0
      99       0       0       0
     100      2.55182      79.2496    0.0950357
     101      2.55585     -260.831     0.119832
     102      3.88185      58.2331     0.171241
     103      3.44818      72.5997     0.178349
     104       0       0       0
     105       0       0       0
     106      4.89359      57.8042     0.219320
     107       0       0       0
     108      4.18795      81.3934     0.229722
     109       0       0       0
     110      4.40996     -254.189     0.311323
     111       0       0       0
     112       0       0       0
     113      5.14263      76.3683     0.292111
     114      5.03990      87.5046     0.273483
     115       0       0       0
     116      5.44281     -252.135     0.330775
     117       0       0       0
     118      5.93432      91.5310     0.366128
     119      6.09613     -258.844     0.331033
     120     0.954535     -1.99716    0.0569558
     121      1.92288    -0.888625    0.0829643
     122      1.64978      29.8757    0.0825255
     123      2.93290    -0.103509    0.0673153
     124       0       0       0
     125      2.56423      39.8603    0.0948926
     126      3.81140  -0.00157481     0.188622
     127      3.38416      13.7399     0.221682
     128      3.30964      29.2829     0.160852
     129      3.52883      44.0146     0.152479
     130      4.86026     0.532136     0.147298
     131      4.40167      10.3749     0.185594
     132      4.17407      22.9478     0.188488
     133      4.17387      35.8481     0.194130
     134      4.38448      48.2422     0.211049
     135      5.71079     0.714919     0.298651
     136      5.34768      9.18332     0.221224
     137      5.20216      18.7440    0.0956246
     138      5.07730      29.2420     0.137854
     139      5.18048      40.3783     0.121509
     140      5.49497      50.1178     0.117092
     141       0       0       0
     142       0       0       0
     143      6.16862      43.1007     0.116513
