# Bolometer r theta residual^2
       0      1.02560     -63.4970    0.0671361
       1      1.99556     -59.2905    0.0252119
       2      1.70077     -31.1248    0.0460380
       3      2.93221     -60.0163    0.0679193
       4       0       0       0
       5      2.62938     -17.7304    0.0656939
       6      3.82639     -60.0438     0.173966
       7      3.46582     -44.8992     0.158678
       8       0       0       0
       9      3.49856     -13.2814     0.113653
      10      4.81146     -58.3744     0.235284
      11      4.42833     -49.0831     0.154449
      12      4.17222     -36.0736     0.190753
      13      4.23502     -22.1912     0.154380
      14      4.47385     -10.2129     0.121355
      15      5.81028     -58.7797     0.228512
      16      5.34771     -50.1214     0.237889
      17      5.09067     -39.0821     0.260188
      18      5.01989     -28.5466     0.219271
      19      5.11888     -17.9237     0.203585
      20      5.46548     -7.69829     0.158223
      21       0       0       0
      22      5.91176     -23.4752     0.255908
      23       0       0       0
      24      1.05885     -119.346    0.0602645
      25      2.09369     -120.679    0.0970998
      26      1.81217     -91.9673     0.100963
      27       0       0       0
      28      2.63217     -100.524    0.0218129
      29      2.63014     -79.8679    0.0383713
      30      3.96142     -119.072    0.0751393
      31      3.57538     -106.259    0.0318486
      32      3.42865     -90.9591    0.0677313
      33      3.48119     -73.0944     0.134458
      34      4.96375     -119.019    0.0927139
      35       0       0       0
      36      4.23782     -95.4108     0.150328
      37      4.22477     -83.0814     0.136953
      38      4.44755     -70.6659     0.136650
      39      6.02590     -118.728     0.136082
      40      5.41546     -109.516     0.212230
      41      5.12782     -100.114     0.179069
      42      5.03692     -89.8808     0.160222
      43      5.10014     -77.5814     0.237079
      44      5.33489     -67.7727     0.259359
      45       0       0       0
      46      5.82423     -84.1423     0.285688
      47      5.97884     -75.1501     0.286027
      48      1.12237     -177.799     0.129152
      49      2.04167     -178.469    0.0684540
      50      1.85799     -149.308     0.128170
      51      3.09754     -179.048     0.110155
      52      2.74718     -159.888     0.112276
      53       0       0       0
      54       0       0       0
      55      3.55595     -165.623    0.0579369
      56       0       0       0
      57      3.64918     -133.522    0.0499143
      58       0       0       0
      59       0       0       0
      60       0       0       0
      61      4.32087     -142.278    0.0940349
      62      4.62263     -130.549    0.0488988
      63       0       0       0
      64      5.58972     -169.416     0.161369
      65      5.27556     -159.643     0.116684
      66      5.29371     -148.582     0.163050
      67      5.32210     -137.725     0.131861
      68       0       0       0
      69       0       0       0
      70      6.06945     -143.594     0.180075
      71       0       0       0
      72      1.04273     -239.307    0.0445127
      73      1.97982     -237.570    0.0870590
      74      1.86765     -206.175     0.181305
      75      2.99256     -239.471    0.0287557
      76      2.59328     -220.392    0.0573861
      77      2.68600     -196.883     0.111417
      78      3.85907     -240.511     0.145368
      79      3.52396     -224.794     0.115671
      80      3.44972     -207.792     0.134567
      81       0       0       0
      82      4.86334     -240.273     0.138832
      83       0       0       0
      84      4.26592     -216.185    0.0979304
      85      4.31344     -202.212     0.102040
      86      4.59650     -189.547     0.109236
      87      5.94628     -241.216     0.137731
      88      5.46092     -231.699     0.123657
      89      5.17397     -220.516     0.122692
      90      5.14531     -208.790     0.120947
      91      5.21016     -198.501    0.0986119
      92      5.52306     -187.586     0.139684
      93       0       0       0
      94      5.94549     -204.581     0.156132
      95      6.20052     -194.885     0.139981
      96     0.974225      62.3956    0.0486790
      97       0       0       0
      98       0       0       0
      99       0       0       0
     100      2.54839     -281.342    0.0998444
     101      2.57561     -259.411    0.0716817
     102      3.92126      59.0428     0.103195
     103      3.50004     -286.820     0.114913
     104       0       0       0
     105       0       0       0
     106      4.94680      58.7003     0.124935
     107       0       0       0
     108      4.22210     -277.702     0.160640
     109      4.28796     -264.242    0.0946198
     110      4.45934     -251.597     0.135287
     111       0       0       0
     112       0       0       0
     113      5.18991     -282.534     0.181343
     114      5.12075     -272.124     0.205529
     115       0       0       0
     116      5.49162     -250.114     0.135842
     117       0       0       0
     118      5.95806     -266.864     0.207566
     119      6.15544     -258.365     0.260792
     120      1.01464     0.390585    0.0161981
     121      1.94064   -0.0181475    0.0593884
     122      1.72395      29.9282   0.00841680
     123      2.94624     0.781920    0.0673826
     124       0       0       0
     125      2.55837      40.3732    0.0908714
     126      3.95636     0.920273    0.0775009
     127      3.51535      13.7658    0.0907045
     128      3.42907      30.0042    0.0351101
     129      3.56131      44.3622     0.117752
     130      4.89375     0.263133     0.108654
     131      4.55950      11.6148    0.0621107
     132      4.31766      22.8168    0.0614105
     133      4.29145      35.1628     0.127365
     134      4.52878      47.8138     0.116318
     135      5.88058     0.615428     0.135413
     136      5.51659      9.36857    0.0653653
     137      5.24759      18.5184    0.0699666
     138      5.17495      29.4397    0.0551569
     139      5.25793      39.9457    0.0937381
     140       0       0       0
     141       0       0       0
     142       0       0       0
     143      6.24433      42.3202     0.172134
