# Bolometer r theta residual^2
       0     0.997860     -66.1598     0.107992
       1      2.04519     -62.8309     0.110743
       2      1.69469     -33.1347     0.101681
       3       0       0       0
       4       0       0       0
       5      2.59614     -21.2383     0.110353
       6      3.84431     -62.7925     0.246600
       7      3.48824     -47.4630     0.144477
       8       0       0       0
       9      3.40940     -15.3610     0.216267
      10       0       0       0
      11      4.38968     -50.0309     0.206052
      12      4.14290     -38.9084     0.276680
      13      4.18084     -24.4880     0.195543
      14      4.38629     -11.7882     0.208974
      15      5.80343     -60.8701     0.216160
      16      5.30082     -51.8879     0.278604
      17      5.14759     -42.4552     0.202755
      18      4.95817     -30.8400     0.249411
      19      5.01019     -20.3853     0.304448
      20      5.33973     -10.3197     0.264005
      21       0       0       0
      22      5.83578     -26.2604     0.267291
      23       0       0       0
      24      1.07978     -121.184    0.0833560
      25      2.06426     -124.314     0.165982
      26      1.77667     -93.5410     0.117794
      27       0       0       0
      28      2.69402     -103.361     0.125075
      29      2.58536     -82.7920     0.178790
      30      3.97551     -121.813     0.128696
      31      3.57443     -109.679     0.226263
      32      3.45640     -92.9551     0.178802
      33      3.47652     -76.0691     0.186162
      34      4.96976     -122.582     0.226821
      35       0       0       0
      36      4.26832     -98.3570     0.161315
      37      4.26319     -86.2664     0.235020
      38      4.41267     -72.2843     0.202120
      39      5.91945     -121.475     0.173930
      40      5.48304     -112.112     0.133306
      41      5.22586     -103.019     0.205891
      42      5.05406     -91.4562     0.193136
      43      5.15096     -80.9632     0.219966
      44      5.29806     -69.8733     0.284307
      45       0       0       0
      46      5.87246     -86.1833     0.231212
      47      6.07887     -76.6974     0.178588
      48      1.12292     -181.468     0.125921
      49      1.97503     -182.952     0.106494
      50      1.77788     -152.073    0.0783004
      51      2.97694     -181.377    0.0762386
      52      2.71511     -162.877     0.115892
      53       0       0       0
      54       0       0       0
      55      3.55075     -167.952     0.129147
      56       0       0       0
      57      3.61033     -136.976     0.194161
      58       0       0       0
      59       0       0       0
      60       0       0       0
      61      4.38476     -144.798     0.108905
      62      4.61359     -132.823     0.157937
      63       0       0       0
      64      5.51261     -172.864     0.185507
      65      5.24582     -162.616     0.166278
      66      5.19058     -152.181     0.198600
      67      5.28658     -141.131     0.187408
      68       0       0       0
      69       0       0       0
      70      6.11718     -146.306     0.114158
      71       0       0       0
      72      1.02694     -244.178    0.0793685
      73      2.00826     -242.266    0.0802845
      74      1.75579     -211.264    0.0456063
      75      2.88602     -243.959     0.233360
      76      2.53301     -223.156     0.152434
      77      2.64531     -202.300     0.148991
      78      3.86554     -243.439     0.271977
      79      3.46909     -228.998     0.225399
      80      3.33704     -213.600     0.250034
      81       0       0       0
      82      4.81540     -243.740     0.370145
      83      4.37705     -233.174     0.379413
      84      4.24962     -220.040     0.283225
      85      4.25918     -205.957     0.217422
      86      4.43795     -193.435     0.248966
      87      5.76053     -244.455     0.516783
      88      5.42746     -235.205     0.424246
      89      5.08769     -225.043     0.429379
      90      4.96648     -213.289     0.372970
      91      5.14708     -202.392     0.335133
      92      5.46626     -191.083     0.231497
      93       0       0       0
      94      5.88884     -209.460     0.481026
      95      6.04031     -198.701     0.348376
      96     0.968687      60.7267    0.0339817
      97       0       0       0
      98       0       0       0
      99       0       0       0
     100      2.62967     -282.961    0.0965086
     101      2.55044     -261.893     0.158238
     102      3.94801      57.0867     0.208975
     103      3.46523     -290.314     0.295809
     104       0       0       0
     105       0       0       0
     106      4.88917      55.7376     0.384883
     107       0       0       0
     108      4.18909     -280.271     0.323266
     109       0       0       0
     110      4.38401     -255.630     0.420430
     111       0       0       0
     112       0       0       0
     113      5.17236     -285.878     0.470404
     114      5.02846     -274.881     0.466476
     115       0       0       0
     116      5.44551     -253.225     0.429521
     117       0       0       0
     118       0       0       0
     119       0       0       0
     120      1.02478     -3.46905    0.0664809
     121      1.94775    -0.248941    0.0531015
     122      1.74678      28.8697    0.0373686
     123      2.88091     -2.08221     0.161334
     124       0       0       0
     125      2.53573      39.1032     0.137987
     126      3.88459     -1.19652     0.142820
     127      3.49168      12.5218     0.143593
     128      3.36288      28.3677     0.141821
     129      3.54999      43.4805     0.173664
     130      4.84216     -2.06681     0.239722
     131      4.33061      8.95471     0.296080
     132      4.17801      20.9588     0.259878
     133      4.21508      33.5630     0.270361
     134      4.42607      46.0089     0.291367
     135      5.70877    -0.767325     0.302749
     136      5.36522      7.77040     0.233444
     137      5.19242      17.7584     0.159877
     138      5.10407      28.2310     0.185415
     139      5.21915      38.1326     0.264680
     140      5.53156      47.3332     0.362567
     141       0       0       0
     142       0       0       0
     143      6.08442      40.4369     0.407877
