# Bolometer r theta residual^2
       0      1.08469     -60.4640    0.0857512
       1      1.94504     -62.9777     0.116299
       2      1.61261     -30.3206     0.120032
       3       0       0       0
       4       0       0       0
       5      2.61410     -16.3883     0.129838
       6      3.76995     -60.3059     0.232403
       7      3.33744     -45.8197     0.270098
       8       0       0       0
       9      3.45217     -13.9535     0.153498
      10       0       0       0
      11      4.44707     -47.7664     0.173297
      12      4.26438     -35.4490     0.128616
      13      4.27410     -21.6654     0.157962
      14      4.54125     -9.13685     0.147105
      15      5.73030     -58.9540     0.292685
      16      5.27491     -49.7439     0.320515
      17      5.00784     -39.9434     0.298133
      18      4.90201     -27.9505     0.347492
      19      5.03280     -17.3863     0.303144
      20      5.36223     -7.89160     0.229606
      21       0       0       0
      22      5.88900     -22.6880     0.336205
      23       0       0       0
      24      1.18116     -122.380     0.187480
      25      2.12711     -122.506     0.156044
      26      1.78377     -91.6720    0.0731403
      27       0       0       0
      28      2.65437     -100.836   0.00910546
      29      2.56763     -81.4946     0.134052
      30      4.03286     -120.771    0.0632367
      31      3.53949     -105.612    0.0731316
      32      3.41440     -91.8825     0.123651
      33      3.54553     -73.7257    0.0615136
      34      4.96564     -119.787    0.0391216
      35       0       0       0
      36      4.26810     -97.4657     0.113130
      37      4.22358     -82.4223     0.155482
      38      4.43972     -71.7341     0.158203
      39      6.00849     -118.823     0.123976
      40      5.48264     -109.562     0.167023
      41      5.12413     -100.706     0.169577
      42      5.02839     -88.7327     0.203511
      43      5.12677     -78.9189     0.167072
      44      5.43266     -67.5035     0.195002
      45       0       0       0
      46      5.86716     -84.0176     0.254629
      47      6.07468     -74.2182     0.266118
      48      1.12570     -176.129     0.145020
      49      2.08280     -178.177     0.105576
      50      1.87844     -149.407     0.148022
      51      3.03840     -178.756    0.0764761
      52      2.74125     -160.111     0.102696
      53       0       0       0
      54       0       0       0
      55      3.63021     -165.309    0.0563106
      56       0       0       0
      57      3.56298     -133.333    0.0553361
      58       0       0       0
      59       0       0       0
      60       0       0       0
      61      4.39711     -143.449    0.0383949
      62      4.54628     -129.741    0.0988456
      63       0       0       0
      64      5.55560     -169.857     0.117552
      65      5.35338     -158.984     0.189477
      66      5.18822     -148.016     0.181093
      67      5.36097     -138.047     0.121614
      68       0       0       0
      69       0       0       0
      70      6.04776     -143.495     0.193511
      71       0       0       0
      72      1.07095     -233.775     0.132899
      73      2.00298     -239.583    0.0148805
      74      1.74562     -206.048     0.121367
      75      2.97272     -239.397    0.0419249
      76      2.66905     -218.505     0.113546
      77      2.67048     -196.679     0.116040
      78      3.82026     -241.482     0.206761
      79      3.46371     -226.660     0.146360
      80      3.35059     -209.260     0.122413
      81       0       0       0
      82      4.88583     -240.771     0.132449
      83       0       0       0
      84      4.29576     -215.568     0.100389
      85      4.32328     -202.041     0.110826
      86      4.58466     -189.781    0.0897864
      87      5.83147     -242.921     0.345455
      88      5.42855     -233.290     0.255935
      89      5.15609     -222.499     0.199421
      90      5.07080     -210.757     0.142532
      91      5.15482     -198.682     0.142496
      92      5.47221     -188.709    0.0984439
      93       0       0       0
      94      5.96859     -204.741     0.128419
      95      6.18604     -195.564    0.0835645
      96     0.991927      62.2267    0.0395718
      97       0       0       0
      98       0       0       0
      99       0       0       0
     100      2.58708      80.7298    0.0946955
     101      2.59681     -260.105    0.0671749
     102      3.97800      58.4365     0.111515
     103      3.44288      73.6259     0.164911
     104       0       0       0
     105       0       0       0
     106      4.95192      57.3662     0.234732
     107       0       0       0
     108      4.24853      80.5199     0.244471
     109      4.22849     -264.160     0.142893
     110      4.39834     -253.246     0.261126
     111       0       0       0
     112       0       0       0
     113      5.29280      75.8532     0.300615
     114      5.10198      87.9887     0.204248
     115       0       0       0
     116      5.44721     -250.463     0.189209
     117       0       0       0
     118       0       0       0
     119      6.09522     -258.257     0.276503
     120     0.897100      2.39509     0.110383
     121      1.91705      1.12244    0.0915465
     122      1.64213      31.9030     0.105938
     123      2.94952      1.54450    0.0953607
     124       0       0       0
     125      2.51428      42.1282     0.142850
     126      3.85577     0.365366     0.146437
     127      3.46925      13.5524     0.138116
     128      3.37607      29.0526     0.105327
     129      3.45662      46.1564     0.149593
     130      4.98278     0.823849    0.0744265
     131      4.47773      11.2451     0.108479
     132      4.17550      24.2598     0.193938
     133      4.29596      35.9184    0.0813388
     134      4.42977      48.4983     0.161273
     135      5.79483      1.28161     0.244563
     136      5.46516      9.20409     0.105524
     137      5.28873      20.4221     0.122437
     138      5.08447      30.1719     0.112865
     139      5.33703      40.2084    0.0782140
     140      5.49965      50.2505     0.103977
     141       0       0       0
     142       0       0       0
     143      6.25964      42.1129     0.196160
